0.99608520614505713
0.99602380224099862
0.99596143911594970
0.99589810190888062
0.99583377553242447
0.99576844466955294
0.99570209377020835
0.99563470704788948
0.99556626847619223
0.99549676178530355
0.99542617045844839
0.99535447772829033
0.99528166657328432
0.99520771971397937
0.99513261960927490
0.99505634845262725
0.99497888816820590
0.99490022040699977
0.99482032654287456
0.99473918766857561
0.99465678459168305
0.99457309783051240
0.99448810760996409
0.99440179385731908
0.99431413619798203
0.99422511395116997
0.99413470612554755
0.99404289141480684
0.99394964819319187
0.99385495451096884
0.99375878808983886
0.99366112631829562
0.99356194624692540
0.99346122458364972
0.99335893768891192
0.99325506157080357
0.99314957188013420
0.99304244390544172
0.99293365256794397
0.99282317241643037
0.99271097762209448
0.99259704197330589
0.99248133887032219
0.99236384131994027
0.99224452193008639
0.99212335290434506
0.99200030603642697
0.99187535270457394
0.99174846386590421
0.99161961005069343
0.99148876135659403
0.99135588744279302
0.99122095752410599
0.99108394036501002
0.99094480427361087
0.99080351709555170
0.99066004620785442
0.99051435851270142
0.99036642043115253
0.99021619789680082
0.99006365634936311
0.98990876072821055
0.98975147546583508
0.98959176448125352
0.98942959117335039
0.98926491841415798
0.98909770854207502
0.98892792335502400
0.98875552410354794
0.98858047148384509
0.98840272563074560
0.98822224611062714
0.98803899191427103
0.98785292144966164
0.98766399253472514
0.98747216239001345
0.98727738763133133
0.98707962426230522
0.98687882766690038
0.98667495260188320
0.98646795318922842
0.98625778290847732
0.98604439458904303
0.98582774040246690
0.98560777185462667
0.98538443977789603
0.98515769432326028
0.98492748495238602
0.98469376042964896
0.98445646881412052
0.98421555745151468
0.98397097296609615
0.98372266125255503
0.98347056746784589
0.98321463602299453
0.98295481057487744
0.98269103401797120
0.98242324847607898
0.98215139529403339
0.98187541502937936
0.98159524744404081
0.98131083149597154
0.98102210533079504
0.98072900627343673
0.98043147081975002
0.98012943462813962
0.97982283251118896
0.97951159842728919
0.97919566547227976
0.97887496587110057
0.97854943096945957
0.97821899122552369
0.97788357620163180
0.97754311455604015
0.97719753403469944
0.97684676146307259
0.97649072273799453
0.97612934281958408
0.97576254572320598
0.97539025451149663
0.97501239128645267
0.97462887718159219
0.97423963235419264
0.97384457597761254
0.97344362623370428
0.97303670030532119
0.97262371436893125
0.97220458358733852
0.97177922210252499
0.97134754302861581
0.97090945844497967
0.97046487938946879
0.97001371585180873
0.96955587676714605
0.96909127000976336
0.96861980238696754
0.96814137963316449
0.96765590640412802
0.96716328627146952
0.96666342171732611
0.96615621412926700
0.96564156379543897
0.96511936989995395
0.96458953051853402
0.96405194261442217
0.96350650203457477
0.96295310350614116
0.96239164063324956
0.96182200589410560
0.96124409063842120
0.96065778508518240
0.96006297832077248
0.95945955829746354
0.95884741183228961
0.95822642460631458
0.95759648116431262
0.95695746491487255
0.95630925813094292
0.95565174195083413
0.95498479637968936
0.95430830029144564
0.95362213143129770
0.95292616641868222
0.95222028075079879
0.95150434880668677
0.95077824385187215
0.95004183804360653
0.94929500243671072
0.94853760699004708
0.94776952057363506
0.94699061097643045
0.94620074491478745
0.94539978804162206
0.94458760495629746
0.94376405921525075
0.94292901334338131
0.94208232884622001
0.94122386622290266
0.94035348497996341
0.93947104364597533
0.93857639978705387
0.93766941002324700
0.93674993004583362
0.93581781463554936
0.93487291768176539
0.93391509220263769
0.93294419036625209
0.93196006351278415
0.93096256217769813
0.92995153611600478
0.92892683432760181
0.92788830508371878
0.92683579595448506
0.92576915383764802
0.92468822498845837
0.92359285505074629
0.92248288908921017
0.92135817162293687
0.92021854666017777
0.91906385773439725
0.91789394794161783
0.91670865997907935
0.91550783618523301
0.91429131858108947
0.91305894891293837
0.91181056869646127
0.91054601926225021
0.90926514180275542
0.90796777742067247
0.90665376717879043
0.90532295215131187
0.90397517347666212
0.90261027241179859
0.90122809038803686
0.89982846906840031
0.89841125040650893
0.89697627670701352
0.89552339068758657
0.89405243554247471
0.89256325500762324
0.89105569342737201
0.88952959582273328
0.88798480796124646
0.88642117642841867
0.88483854870074274
0.88323677322029781
0.88161569947092244
0.87997517805595848
0.87831506077755928
0.87663520071754841
0.87493545231982428
0.87321567147429191
0.87147571560231119
0.86971544374364274
0.86793471664487232
0.86613339684929269
0.86431134878822002
0.86246843887371627
0.86060453559269423
0.85871950960236820
0.85681323382702268
0.85488558355605859
0.85293643654328311
0.85096567310739757
0.84897317623364266
0.84695883167655339
0.84492252806377421
0.84286415700088280
0.84078361317716588
0.83868079447229127
0.83655560206381363
0.83440794053545009
0.83223771798605983
0.83004484613925733
0.82782924045358453
0.82559082023317054
0.82332950873879374
0.82104523329926959
0.81873792542307711
0.81640752091013469
0.81405395996363661
0.81167718730185456
0.80927715226980901
0.80685380895070791
0.80440711627705319
0.80193703814130812
0.79944354350601665
0.79692660651326541
0.79438620659337500
0.79182232857270352
0.78923496278044403
0.78662410515429793
0.78398975734489773
0.78133192681885733
0.77865062696032106
0.77594587717088470
0.77321770296775594
0.77046613608002401
0.76769121454290479
0.76489298278982676
0.76207149174222188
0.75922679889688660
0.75635896841077288
0.75346807118307513
0.75055418493447312
0.74761739428339291
0.74465779081914973
0.74167547317183236
0.73867054707879676
0.73564312544762722
0.73259332841543667
0.72952128340436695
0.72642712517316033
0.72331099586467162
0.72017304504919222
0.71701342976346194
0.71383231454524276
0.71062987146333911
0.70740628014294304
0.70416172778619368
0.70089640918784157
0.69761052674590907
0.69430429046725073
0.69097791796791064
0.68763163446819020
0.68426567278233563
0.68088027330276524
0.67747568397875968
0.67405216028954673
0.67060996521171279
0.66714936918088763
0.66367065004764803
0.66017409302759655
0.65665999064557934
0.65312864267400916
0.64958035606527520
0.64601544487822005
0.64243423019867818
0.63883704005407560
0.63522420932209867
0.63159607963344711
0.62795299926869752
0.62429532304930835
0.62062341222280804
0.61693763434221482
0.61323836313974811
0.60952597839489420
0.60580086579690562
0.60206341680181286
0.59831402848404425
0.59455310338275036
0.59078104934294451
0.58699827935157411
0.58320521136864689
0.57940226815354845
0.57558987708668585
0.57176846998661146
0.56793848292277715
0.56410035602408692
0.56025453328341268
0.55640146235825516
0.55254159436772865
0.54867538368606195
0.54480328773281006
0.54092576675997772
0.53704328363626086
0.53315630362861921
0.52926529418139412
0.52537072469319290
0.52147306629176482
0.51757279160709457
0.51367037454294751
0.50976629004709595
0.50586101388046856
0.50195502238545397
0.49804879225360460
0.49414280029297597
0.49023752319534808
0.48633343730356382
0.48243101837923263
0.47853074137103391
0.47463308018386480
0.47073850744906565
0.46684749429596351
0.46296051012496459
0.45907802238242779
0.45520049633754728
0.45132839486146825
0.44746217820885636
0.44360230380213700
0.43974922601861571
0.43590339598068695
0.43206526134933149
0.42823526612109802
0.42441385042875968
0.42060145034582702
0.41679849769509530
0.41300541986139611
0.40922263960871497
0.40545057490183267
0.40168963873263575
0.39794023895123987
0.39420277810205556
0.39047765326492340
0.38676525590143412
0.38306597170654227
0.37938018046557370
0.37570825591671814
0.37205056561909106
0.36840747082643827
0.36477932636655058
0.36116648052644634
0.35756927494337076
0.35398804450165294
0.35042311723545433
0.34687481423743094
0.34334344957332741
0.33982933020250938
0.33633275590443579
0.33285401921106100
0.32939340534515393
0.32595119216450902
0.32252765011201956
0.31912304217157611
0.31573762382974446
0.31237164304317311
0.30902534021167138
0.30569894815689452
0.30239269210656577
0.29910678968415877
0.29584145090395930
0.29259687817141866
0.28937326628870785
0.28617080246537391
0.28298966633399897
0.27983002997075501
0.27669205792074508
0.27357590722801767
0.27048172747013743
0.26740966079719214
0.26435984197511264
0.26133239843318085
0.25832745031559734
0.25534511053697861
0.25238548484165230
0.24944867186661629
0.24653476320802778
0.24364384349108520
0.24077599044316772
0.23793127497009325
0.23510976123535854
0.23231150674222276
0.22953656241849718
0.22678497270390277
0.22405677563985904
0.22135200296156801
0.21867068019225699
0.21601282673944630
0.21337845599310845
0.21076757542558683
0.20818018669314356
0.20561628573900823
0.20307586289779991
0.20055890300119839
0.19806538548474131
0.19559528449562696
0.19314856900140417
0.19072520289943357
0.18832514512700704
0.18594834977201419
0.18359476618404802
0.18126433908584433
0.17895700868495204
0.17667271078553512
0.17441137690020869
0.17217293436181560
0.16995730643505275
0.16776441242785842
0.16559416780247643
0.16344648428611452
0.16132126998111820
0.15921842947458417
0.15713786394734039
0.15507947128222269
0.15304314617158135
0.15102878022395350
0.14903626206984055
0.14706547746653253
0.14511630940192424
0.14318863819727132
0.14128234160883621
0.13939729492837824
0.13753337108244326
0.13569044073041234
0.13386837236127050
0.13206703238906040
0.13028628524698666
0.12852599348014115
0.12678601783682014
0.12506621735840764
0.12336644946780150
0.12168657005636040
0.12002643356935337
0.11838589308989403
0.11676480042134531
0.11516300616818125
0.11358035981529545
0.11201670980574659
0.11047190361693431
0.10894578783519950
0.10743820822884580
0.10594900981957958
0.10447803695236839
0.10302513336371845
0.10159014224837380
0.10017290632444090
0.09877326789694341
0.09739106891981428
0.09602615105633192
0.09467835573800960
0.09334752422194796
0.09203349764666106
0.09073611708638830
0.08945522360390450
0.08819065830184196
0.08694226237253905
0.08570987714643018
0.08449334413899331
0.08329250509627154
0.08210720203898592
0.08093727730525724
0.07978257359195530
0.07864293399469408
0.07751820204649254
0.07640822175512030
0.07531283763914846
0.07423189476272583
0.07316523876910121
0.07211271591291281
0.07107417309126567
0.07004945787361870
0.06903841853050267
0.06804090406109091
0.06705676421964434
0.06608584954085284
0.06512801136409471
0.06418310185663614
0.06325097403579268
0.06233148179007453
0.06142447989933773
0.06052982405396255
0.05964737087308146
0.05877697792187786
0.05791850372797711
0.05707180779695148
0.05623675062696008
0.05541319372254480
0.05460099960760329
0.05380003183755971
0.05301015501075349
0.05223123477906687
0.05146313785781079
0.05070573203488935
0.04995888617926240
0.04922247024872541
0.04849635529702593
0.04778041348033553
0.04707451806309561
0.04637854342325551
0.04569236505692105
0.04501585958243096
0.04434890474387903
0.04369137941409879
0.04304316359712800
0.04240413843016909
0.04177418618506230
0.04115319026928707
0.04054103522650782
0.03993760673667913
0.03934279161572558
0.03875647781481123
0.03817855441921274
0.03760891164681095
0.03704744084621423
0.03649403449452766
0.03594858619478107
0.03541099067302900
0.03488114377513543
0.03435894246325551
0.03384428481202659
0.03333707000448029
0.03283719832768729
0.03234457116814603
0.03185909100692641
0.03138066141457915
0.03090918704582140
0.03044457363400870
0.02998672798540325
0.02953555797324822
0.02909097253165748
0.02865288164932990
0.02822119636309724
0.02779582875131419
0.02737669192709902
0.02696370003143316
0.02655676822612752
0.02615581268666332
0.02576075059491506
0.02537150013176276
0.02498798046960062
0.02461011176474903
0.02423781514977640
0.02387101272573745
0.02350962755433409
0.02315358365000499
0.02280280597194966
0.02245722041609275
0.02211675380699403
0.02178133388970937
0.02145088932160782
0.02112534966414976
0.02080464537463099
0.02048870779789716
0.02017746915803328
0.01987086255003240
0.01956882193144772
0.01927128211403212
0.01897817875536884
0.01868944835049728
0.01840502822353722
0.01812485651931505
0.01784887219499533
0.01757701501172068
0.01730922552626336
0.01704544508269112
0.01678561580405038
0.01652968058406938
0.01627758307888380
0.01602926769878735
0.01578467960000986
0.01554376467652486
0.01530646955188900
0.01507274157111541
0.01484252879258268
0.01461577997998182
0.01439244459430249
0.01417247278586051
0.01395581538636823
0.01374242390104919
0.01353225050079859
0.01332524801439097
0.01312136992073638
0.01292057034118629
0.01272280403189035
0.01252802637620520
0.01233619337715621
0.01214726164995331
0.01196118841456161
0.01177793148832785
0.01159744927866330
0.01141970077578396
0.01124464554550871
0.01107224372211595
0.01090245600125954
0.01073524363294425
0.01057056841456145
0.01040839268398543
0.01024867931273065
0.01009139169917034
0.00993649376181683
0.00978394993266372
0.00963372515059029
0.00948578485482825
0.00934009497849102
0.00919662194216574
0.00905533264756794
0.00891619447125915
0.00877917525842736
0.00864424331673037
0.00851136741020201
0.00838051675322121
0.00825166100454383
0.00812477026139721
0.00799981505363719
0.00787676633796769
0.00775559549222246
0.00763627430970901
0.00751877499361434
0.00740307015147248
0.00728913278969340
0.00717693630815315
0.00706645449484498
0.00695766152059108
0.00685053193381468
0.00674504065537230
0.00664116297344564
0.00653887453849295
0.00643815135825945
0.00633896979284643
0.00624130654983875
0.00614513867949026
0.00605044356996688
0.00595719894264675
0.00586538284747732
0.00577497365838867
0.00568595006876297
0.00559829108695929
0.00551197603189369
0.00542698452867390
0.00534329650428824
0.00526089218334841
0.00517975208388551
0.00509985701319904
0.00502118806375832
0.00494372660915585
0.00486745430011220
0.00479235306053196
0.00471840508361022
0.00464559282798920
0.00457389901396450
0.00450330661974045
0.00443379887773426
0.00436535927092822
0.00429797152926980
0.00423161962611882
0.00416628777474154
0.00410196042485097
0.00403862225919301
0.00397625819017792
0.00391485335655667
0.00385439312014168
